0 0.3097684578125 0.6622360734375 0.32035899843750004 0.6734725781249999 0.33946344375000004 0.6775333531250001 0.35214434375 0.674238484375 0.3699243359375 0.6610452875 0.3707964625 0.6522452484375 0.3506674234375 0.60603475 0.328268109375 0.5892930749999999 0.31790373125000004 0.5910835765625 0.3050359921875 0.5974302546875 0.29780721718750003 0.605781140625 0.29537075156250003 0.6172438078125 0.3019604890625 0.6426056078125 0.3097684578125 0.6622360734375
0 0.40360640312499996 0.695160878125 0.41657343750000003 0.699913865625 0.4373021921875 0.6963328625 0.44853869687500003 0.6857423218750001 0.45166737343749996 0.680417065625 0.452945578125 0.66970658125 0.44247498125 0.6485117765624999 0.4213538703125 0.62105961875 0.416028615625 0.617930940625 0.394607646875 0.6153745328125 0.3780458875 0.622836396875 0.3773999234375 0.6446634421875 0.3889088390625 0.6750643625 0.40360640312499996 0.695160878125
0 0.49420945156249996 0.7104256328125 0.5060781953125 0.710951653125 0.5191651734375 0.7057463390625001 0.5257686328125 0.6981645328125 0.5262346828125 0.6912749390624999 0.5262946546875 0.6862957890625 0.507490065625 0.6573392625000001 0.4788333984375 0.6512481 0.47304209375 0.6550090171875 0.472516071875 0.6668777625 0.47540486406250004 0.68146910625 0.4806101765625 0.694556084375 0.49420945156249996 0.7104256328125
0 0.1730148828125 0.662121209375 0.17573748281249998 0.658706396875 0.17169043125 0.6448672359375001 0.1562406828125 0.6236124609375 0.141256984375 0.5954680906250001 0.1267256125 0.59337773125 0.13002048125000001 0.60605863125 0.14882506874999998 0.6350151562499999 0.16960007187499998 0.6593986093749999 0.1730148828125 0.662121209375
0 0.20904091875000003 0.6288452203125 0.21725496562500002 0.6465652421875 0.23044816250000003 0.664345234375 0.2400003859375 0.666375621875 0.24845431874999999 0.66417904375 0.2688969390625 0.652550184375 0.27503435 0.6518579718749999 0.2835482546875 0.6446822437499999 0.2859247484375 0.6381987265625 0.261042721875 0.6049552625 0.25010607500000004 0.590650053125 0.229903340625 0.5823623109375 0.22144940625 0.584558890625 0.21525202499999999 0.5902302515625 0.2085885921875 0.6027912093750001 0.20684433906250002 0.6203912875 0.20904091875000003 0.6288452203125
0 0.68559341875 0.2139773859375 0.6963638750000001 0.210276440625 0.713737790625 0.1989936875 0.7191829890625 0.1921640640625 0.7192429609375 0.18718491406249999 0.71432378125 0.1821457921875 0.6856671140625 0.17605462968750002 0.6653444359375 0.1777251890625 0.6576426859375 0.181080028125 0.654394065625 0.196363584375 0.660065428125 0.2025609671875 0.676041196875 0.21194699843749998 0.68559341875 0.2139773859375
0 0.763755453125 0.212620409375 0.7755042546875 0.2231047296875 0.7869669218750001 0.2255411953125 0.8000539 0.22033588124999998 0.8132008484375 0.21015141874999999 0.8132608203125 0.20517226875 0.8019180953125 0.192777503125 0.7814292265625 0.17644190625 0.7726891593749999 0.1705906296875 0.7589099703125 0.16965853125000002 0.7554351875 0.17191508125 0.748365678125 0.1863864828125 0.7528188078125 0.1983151984375 0.763755453125 0.212620409375
0 0.8646954328125 0.29198187343750004 0.8693284765625 0.288973140625 0.873149365625 0.2897852953125 0.8882067593749999 0.280006909375 0.8909293593750001 0.2765920984375 0.8922075625 0.2658816140625 0.87976655 0.24925988281250003 0.856268946875 0.228291240625 0.8424897578125 0.2273591421875 0.8336109390625 0.23427578750000003 0.8299249328125 0.24864684375 0.8356849546875 0.26313138125 0.8570536546874999 0.2903575640625 0.8646954328125 0.29198187343750004
0 0.5440131625 0.26475231250000003 0.549278446875 0.2728601390625 0.5709855484374999 0.283464403125 0.5873673953125 0.290939990625 0.60074050625 0.2937825328125 0.621755396875 0.2982493859375 0.6279527796875 0.2925780234375 0.6292309828125 0.2818675390625 0.622581275 0.261484890625 0.6173159906250001 0.25337706249999997 0.6051611109375 0.2448031875 0.5815435640625 0.2337928453125 0.5719913421875 0.2317624578125 0.5593104421875 0.2350573265625 0.5449452609375001 0.2509731234375 0.5440131625 0.26475231250000003
0 0.920384459375 0.311805978125 0.9065590218749999 0.2829094234375 0.8916815421875001 0.27775035937500003 0.8822355390625001 0.2987052765625 0.8836199640625001 0.3109801 0.894902715625 0.328354015625 0.9067714609375 0.32888003593750004 0.9195123328125 0.3206060171875 0.920384459375 0.311805978125
0 0.31303793281250003 0.0409406015625 0.3234622828125 0.03417095 0.32583877656250004 0.027687432812500003 0.319129096875 0.012283932812499999 0.3133977625 0.011065701562499999 0.30140907499999997 0.0204979796875 0.28484731406249997 0.02795984375 0.281312559375 0.0351955453125 0.28159869375 0.0432434 0.28999265625000004 0.046025971875 0.31303793281250003 0.0409406015625
0 0.49128154375 0.094801521875 0.5128824265625 0.0824204796875 0.5156050249999999 0.07900566875000001 0.517695384375 0.0644742953125 0.5162509890625 0.0571786234375 0.5105796265625 0.050981240625 0.4929795484375 0.0492369875 0.46593346718750006 0.068447653125 0.46239871250000003 0.07568335312499999 0.46268484687500006 0.083731209375 0.479006721875 0.09618594531249999 0.49128154375 0.094801521875
0 0.4082616625 0.0626487984375 0.42293371406249997 0.0695081859375 0.45429224531249995 0.0574572078125 0.45701484531250003 0.054042396874999996 0.4595112828125 0.0376005796875 0.459571253125 0.032621429687499995 0.4528016015625 0.0221970796875 0.43711196875 0.0208589046875 0.417075425 0.03057731875 0.4039284765625 0.040761781250000004 0.40230416562500004 0.048403559375 0.40450074531249997 0.056857492187500004 0.4082616625 0.0626487984375
0 0.4796714875 0.16821056875 0.4896297875 0.1683305125 0.5046272093749999 0.1635312765625 0.519684603125 0.1537528921875 0.5224072015625 0.1503380796875 0.5228732515625001 0.14344848593749998 0.52142885625 0.1361528125 0.5146592046875 0.1257284640625 0.5012860921875 0.122885921875 0.47354779999999996 0.13595917500000002 0.46659823281249996 0.1404722765625 0.46184524531250004 0.15343931093750002 0.46560616406250005 0.15923061562500002 0.4796714875 0.16821056875
0 0.31318683593749996 0.37842451875 0.3258677359375 0.37512965 0.3454982015625 0.36732167968749996 0.36055559531250003 0.3575432953125 0.3679112390625 0.3511197484375 0.3675651328125 0.34805104375 0.355530196875 0.3295188671875 0.34788841875 0.32789455625 0.3189918640625 0.34171999375 0.3016179484375 0.353002746875 0.2988953484375 0.35641755937499997 0.2975571734375 0.3721071921875 0.30172416874999997 0.375988053125 0.31318683593749996 0.37842451875