0 0.7034381437499999 0.6453323937500001 0.7117787921875001 0.63233808125 0.7110971609375001 0.6128187296875 0.704832378125 0.60131160625 0.6877297046875 0.5872514796875 0.678980078125 0.58853418125 0.639011884375 0.6192446328125001 0.62818639375 0.64502876875 0.6324310796875 0.65465211875 0.6417022218749999 0.6656022312500001 0.65155385 0.67059601875 0.6632654609374999 0.670187040625 0.68627970625 0.6576574734375 0.7034381437499999 0.6453323937500001
0 0.7126834875 0.54631660625 0.71415828125 0.532584896875 0.705668909375 0.513338196875 0.692674596875 0.5049975484375 0.686750628125 0.5032501015624999 0.676049065625 0.5046009671875 0.6580169046875 0.5198880296875 0.6364898515624999 0.54702303125 0.6347424046875 0.552947 0.637444134375 0.5743501234374999 0.6486910015625 0.588614740625 0.6700259625 0.5839610765625001 0.6967395875 0.5654393765625 0.7126834875 0.54631660625
0 0.7055759515625 0.4547119765625 0.7032150390624999 0.44306852812499997 0.69499831875 0.43162957031250004 0.686044203125 0.42705646562500005 0.6792465109375 0.42827100468749996 0.6744007546875 0.42941737968749993 0.6508536031250001 0.4546686078125 0.65187605 0.4839476359375 0.6569262953125 0.4886570671875 0.66856974375 0.48629615312499996 0.6820288 0.47996320625 0.693467759375 0.4717464859375 0.7055759515625 0.4547119765625
0 0.736410375 0.778051590625 0.7324383421875 0.7762359812499999 0.719989334375 0.7835108156249999 0.7031035484375 0.803643634375 0.6794200703125 0.82499099375 0.6809072609375 0.8395964250000001 0.6924143828125 0.8333316421875001 0.715961534375 0.8080804125000001 0.734594765625 0.782023625 0.736410375 0.778051590625
0 0.6954073390625 0.7511458734375001 0.7106138421875 0.7388889578125 0.7246739703125 0.7217862859374999 0.7243331546875 0.712026609375 0.72015663125 0.70435519375 0.7039276828125 0.6873330828124999 0.7017712578124999 0.6815454390625 0.692748978125 0.6750204 0.6858831234375 0.674283003125 0.659646640625 0.70646825 0.6484121703125 0.720540775 0.64525809375 0.7421483890625 0.6494346171875 0.7498198031250001 0.6564367984375 0.7544610703125 0.6702366703125 0.7578877984375 0.6877359249999999 0.755322396875 0.6954073390625 0.7511458734375001
0 0.17757436875 0.38911463125 0.17137774687500001 0.3795594453125 0.1562270109375 0.36543115312499996 0.14828294375 0.36179993593750004 0.1434371875 0.3629463109375 0.13973780625 0.3689384421875 0.1407602515625 0.3982174703125 0.1472976875 0.41753233281249996 0.152416096875 0.4241936984375 0.168031578125 0.42364839375 0.1726728453125 0.41664621406249996 0.177915184375 0.3988743078125 0.17757436875 0.38911463125
0 0.1573485921875 0.3136026265625 0.164679190625 0.29966642656250003 0.1642702125 0.28795481562499997 0.15605349375 0.27651585624999997 0.1429910171875 0.26622327343749996 0.1381452609375 0.2673696484375 0.1288627265625 0.2813740109375 0.11796907187500001 0.3052062109375 0.11440601718750001 0.3151022140625 0.11683509375000001 0.328697596875 0.119865240625 0.3315232546875 0.1356170484375 0.3348818203125 0.146114121875 0.3276751515625 0.1573485921875 0.3136026265625
0 0.209933090625 0.19646171875000001 0.20589289375000003 0.192694175 0.20575656874999998 0.1887903046875 0.1926259296875 0.1765457859375 0.18865389531250001 0.1747301765625 0.177952334375 0.17608104062500002 0.1648340921875 0.1921736640625 0.15017289375 0.22004606249999997 0.1526019703125 0.23364144531250003 0.161461140625 0.24058323750000002 0.176297040625 0.2406830796875 0.1889578515625 0.23159002812499999 0.21020574375 0.204269459375 0.209933090625 0.19646171875000001
0 0.2610924265625 0.5142057828125 0.267685628125 0.5071354390625 0.2727234765625 0.4835077265625 0.2760138796875 0.46580398437500004 0.2755367390625 0.45214043750000005 0.2747869453125 0.43066915000000006 0.2677847640625 0.42602788281250004 0.25708320156250003 0.427378746875 0.2389147140625 0.43876194062499996 0.2323215109375 0.44583228437500005 0.22694284687500002 0.4597003203125 0.22197316250000002 0.4852799671875 0.22231397656250002 0.49503964375000004 0.2285787609375 0.506546765625 0.24749704218750002 0.5166348593750001 0.2610924265625 0.5142057828125
0 0.2156959390625 0.13763101093750002 0.1910024125 0.1580364828125 0.18959578125 0.17372012812499998 0.21221344375 0.17781609062499998 0.2237887296875 0.173503240625 0.2379170203125 0.1583525046875 0.23555610625 0.14670905625 0.224445565625 0.136348309375 0.2156959390625 0.13763101093750002
0 0.0998068453125 0.7924650140625 0.090716403125 0.7839880390625 0.0838505484375 0.7832506421875001 0.0705278171875 0.7934874609375 0.07073230625 0.799343265625 0.0827847328125 0.8086939640624999 0.0940316 0.82295858125 0.101907503125 0.8246378640625001 0.10964708125 0.8224132765625001 0.110316315625 0.8135954859375 0.0998068453125 0.7924650140625
0 0.108946834375 0.6064858640625 0.09170783593750001 0.588521865625 0.08773580156250001 0.5867062578125 0.07313036875 0.5881934484375 0.066400840625 0.591359921875 0.06175957343750001 0.598362103125 0.0643249765625 0.61586135625 0.0895080421875 0.637456571875 0.0973839453125 0.6391358546875 0.1051235234375 0.6369112671875 0.11325968281250001 0.6180611500000001 0.108946834375 0.6064858640625
0 0.097833509375 0.6948181484375 0.10093965468749999 0.6789224843749999 0.0816603265625 0.6514108296875001 0.07768829375 0.6495952203125 0.061130925 0.6511505734374999 0.05628516875 0.65229695 0.04780819375 0.6613873921875 0.050305434375 0.6769347109375 0.0645824484375 0.6940249859375001 0.077644925 0.70431756875 0.08545266562500001 0.7040449171875001 0.0931240796875 0.69986839375 0.097833509375 0.6948181484375
0 0.1829840453125 0.599991796875 0.1806912953125 0.590300284375 0.1724064125 0.576909390625 0.1592757734375 0.564664871875 0.15530374062500002 0.5628492625 0.14850604843749998 0.5640638 0.14177652031250002 0.5672302734375 0.1332995453125 0.576320715625 0.1337766875 0.5899842625 0.153172109375 0.613735903125 0.1592324046875 0.6193872203125 0.1729641140625 0.6208620140625001 0.1776735453125 0.6158117671875 0.1829840453125 0.599991796875
0 0.42723002499999996 0.7106757859374999 0.420965240625 0.6991686640625 0.4086401609375 0.682010225 0.395509521875 0.66976570625 0.3874972921875 0.6641825531250001 0.384603471875 0.665260765625 0.36953329375 0.6814215515625001 0.369805946875 0.6892292921875 0.39021141875 0.7139228203125 0.40536215625 0.7280511109375001 0.4093341890625 0.7298667203125 0.4248815078125 0.7273694796875 0.42763900312500003 0.7223873968750001 0.42723002499999996 0.7106757859374999