0 0.30232916875 0.5712100609374999 0.311850803125 0.5791996609375001 0.32458291875 0.5790660390625 0.3498365671875 0.5507808421875 0.3491722078125 0.5239789421875 0.3438824109375 0.5195402765625 0.335105246875 0.5207002953125001 0.326521921875 0.525036309375 0.3145196609375 0.53639345 0.2989817375 0.553437528125 0.30232916875 0.5712100609374999
0 0.291628740625 0.493722803125 0.301150375 0.501712403125 0.320060021875 0.5049594875000001 0.3525291015625 0.47271002656250005 0.36250099687500004 0.4522317421875 0.3565668984375 0.42922388125 0.3416791203125 0.42039669999999996 0.3175527375 0.4319333796875 0.2848435125 0.460986478125 0.2846000796875 0.48061363124999995 0.291628740625 0.493722803125
0 0.27946948437499997 0.3771514625 0.278374921875 0.387050153125 0.2880301796875 0.40777186875 0.3038995703125 0.42108786875000004 0.31468599375 0.42112447187499996 0.34660779218750004 0.39382435625 0.358148325 0.380070884375 0.36118858125000003 0.37000196875 0.361942690625 0.3562118921875 0.3573704015625 0.3487695734375 0.3312381546875 0.3382000078125 0.2872888578125 0.365684134375 0.27946948437499997 0.3771514625
0 0.2694378515625 0.302826653125 0.2902564875 0.325652621875 0.2989230734375 0.33251266875 0.307025821875 0.333568296875 0.33044734062500003 0.3099527375 0.34202447812500003 0.2854128421875 0.34226790937499996 0.2657856890625 0.33240582343749997 0.253904703125 0.3203912140625 0.2510346734375 0.29898859375 0.2529071609375 0.26256691718749997 0.290880034375 0.2694378515625 0.302826653125
0 0.7396121531250001 0.4711943109375 0.7314523265624999 0.478770253125 0.7242790375 0.5423986328125 0.7317067828125 0.5601122937499999 0.7501057515625 0.5575223 0.7610820828125 0.5511900796875 0.7699763374999999 0.538138578125 0.7785864250000001 0.5020947515625 0.7773948421875 0.488474903125 0.7728225531249999 0.48103258281250005 0.76330091875 0.47304298281249996 0.7532320015625 0.470002728125 0.7396121531250001 0.4711943109375
0 0.8595258328125001 0.6204909515625 0.86468200625 0.6121975015625 0.8621286156249999 0.5830121109374999 0.8570531390625 0.5704196875 0.8501545296874999 0.560213071875 0.8355094046874999 0.5588730828124999 0.8276900296875 0.5703404109375 0.8324230343749999 0.5977982671875 0.8595258328125001 0.6204909515625
0 0.8600018140625 0.707090503125 0.8715880687500001 0.7135437515625 0.8803926265625 0.69990145625 0.89279665 0.6646341859375 0.89177529375 0.6529600296875 0.8752601375 0.648101346875 0.8652845156250001 0.650775796875 0.8488941671875001 0.6762323578125 0.8439108984375 0.6885169921875 0.8600018140625 0.707090503125
0 0.8366132265624999 0.8067905921875 0.8639993374999999 0.761261734375 0.8606918359375 0.74586641875 0.8436933265625 0.7403472515625 0.82796625 0.7459271484375 0.8051538765625 0.780353475 0.8117172 0.7935922484375 0.8249929921874999 0.8080454546875 0.8366132265624999 0.8067905921875
0 0.82790611875 0.8193158796875 0.8238811109374999 0.806924215625 0.802836596875 0.8087827593749999 0.7809482156249999 0.8263124312500001 0.782974515625 0.8357441906249999 0.7942088546875 0.8487319140625 0.823137709375 0.828026415625 0.82790611875 0.8193158796875
0 0.6037558749999999 0.330154515625 0.615296409375 0.31640104375 0.6157794875 0.304458384375 0.5879837593749999 0.27506025625 0.57656556875 0.2658734484375 0.5648914125 0.26689480468750004 0.5588475046875 0.2762462140625 0.5684793875 0.292381353125 0.5799671703125 0.3069909890625 0.6037558749999999 0.330154515625
0 0.834757059375 0.4158161546875 0.847489175 0.41568253125 0.8604281203124999 0.406708178125 0.8631279234375 0.3927478765625 0.8434218031249999 0.3734258625 0.833751753125 0.36586397656249997 0.82151883125 0.363330828125 0.8108376500000001 0.3777168265625 0.8120292328125001 0.39133667656250004 0.834757059375 0.4158161546875
0 0.9030997375 0.3902310890625 0.9140563875 0.39221338437500003 0.928941025 0.38306880468750004 0.9323217328125001 0.376891275 0.9314706015625 0.3671628109375 0.9006195531250001 0.3394728515625 0.886999703125 0.34066443281250003 0.880031459375 0.361860225 0.88265805625 0.3694727703125 0.9030997375 0.3902310890625
0 0.9093266609375 0.32694756406250003 0.9259501625000001 0.3264734890625 0.937113640625 0.3196150546875 0.9404943484375 0.31343752343750003 0.9396432171875 0.303709059375 0.9126835546875001 0.2756786484375 0.8969477859375001 0.2750947640625 0.8870124921875 0.284786625 0.890830671875 0.30601901875 0.9093266609375 0.32694756406250003
0 0.900754940625 0.19535796249999998 0.9115779671875 0.1846081421875 0.9108970624999999 0.176825371875 0.8865639953125 0.1564075046875 0.8747196140625 0.15548316874999998 0.8725670921875001 0.164494125 0.8799362046875 0.18149468124999998 0.895975821875 0.196756375 0.900754940625 0.19535796249999998