0 0.33392857187499997 0.50625 0.325 0.509821428125 0.312053571875 0.5200892859375 0.2950892859375 0.5357142859375 0.296875 0.5537109375 0.3056640625 0.5625 0.318359375 0.5634765625 0.3459821421875 0.5375 0.34765625 0.5107421875 0.3427734375 0.505859375 0.33392857187499997 0.50625
0 0.34921946406250004 0.40690104062500004 0.3241794015625 0.41629106718750003 0.2890625 0.4423828125 0.287109375 0.4619140625 0.29296875 0.4755859375 0.3017578125 0.484375 0.3203125 0.4892578125 0.35546875 0.4599609375 0.3671875 0.4404296875 0.36328125 0.4169921875 0.34921946406250004 0.40690104062500004
0 0.375 0.3447265625 0.37109375 0.3369140625 0.3459821421875 0.32410714218750003 0.2998046875 0.34765625 0.291015625 0.3583984375 0.2890625 0.3681640625 0.296875 0.3896484375 0.3115234375 0.404296875 0.322265625 0.4052734375 0.3564453125 0.380859375 0.369140625 0.3681640625 0.373046875 0.3583984375 0.375 0.3447265625
0 0.3544921875 0.240234375 0.3427734375 0.236328125 0.3212890625 0.236328125 0.281696428125 0.2709821421875 0.2875 0.2834821421875 0.30625 0.30803571406249997 0.3142857140625 0.315625 0.322265625 0.3173828125 0.34765625 0.2958984375 0.361328125 0.2724609375 0.36328125 0.2529296875 0.3544921875 0.240234375
0 0.77734375 0.5126953125 0.7734375 0.5048828125 0.7646484375 0.49609375 0.7548828125 0.4921875 0.7412109375 0.4921875 0.732421875 0.4990234375 0.719730303125 0.5617845 0.7255859375 0.580078125 0.744140625 0.5791015625 0.7556270765625 0.5737500890625 0.765625 0.5615234375 0.77734375 0.5263671875 0.77734375 0.5126953125
0 0.8435741703125 0.5905019203124999 0.8291015625 0.587890625 0.8203125 0.5986328125 0.8226343843749999 0.6263986921875 0.84765625 0.6513671875 0.853515625 0.6435546875 0.853515625 0.6142578125 0.8495569640625 0.6012709515625 0.8435741703125 0.5905019203124999
0 0.8609242765625 0.680243853125 0.850753521875 0.6820386921875 0.8322068578125 0.7059698703125 0.826171875 0.7177734375 0.8405827718750001 0.7376786875 0.8515625 0.7451171875 0.8615225578124999 0.7322941734375 0.876953125 0.6982421875 0.876953125 0.6865234375 0.8609242765625 0.680243853125
0 0.8052842765625 0.7735754640625 0.779558259375 0.8058825578125001 0.7849427718750001 0.8196429859375 0.796908365625 0.8351982546875 0.80859375 0.8349609375 0.83984375 0.7919921875 0.837890625 0.7763671875 0.8214378265625 0.7693875046875001 0.8052842765625 0.7735754640625
0 0.7514391203125 0.8495569640625 0.752635678125 0.8591294375 0.7626953125 0.873046875 0.7933186875 0.8549414828125 0.798828125 0.8466796875 0.7958984375 0.833984375 0.7747720218749999 0.8340016968749999 0.7514391203125 0.8495569640625
0 0.5849609375 0.2734375 0.578125 0.2822265625 0.586313959375 0.2991397765625 0.5964847140625 0.31469504531250003 0.6181640625 0.33984375 0.630859375 0.3271484375 0.6323814859375 0.31529332656250003 0.6072537453125 0.283584509375 0.5966796875 0.2734375 0.5849609375 0.2734375
0 0.8441724515625 0.3954627859375 0.8322068578125 0.3918731078125 0.8203125 0.4052734375 0.8203125 0.4189453125 0.8408203125 0.4453125 0.853515625 0.4462890625 0.8671875 0.4384765625 0.87109375 0.4248046875 0.8531466421875 0.403838696875 0.8441724515625 0.3954627859375
0 0.9130859375 0.375 0.8994140625 0.375 0.890625 0.3955078125 0.892578125 0.4033203125 0.9111328125 0.42578125 0.921875 0.4287109375 0.9375 0.4208984375 0.94140625 0.4150390625 0.94140625 0.4052734375 0.9130859375 0.375
0 0.9306640625 0.3125 0.9150390625 0.310546875 0.904296875 0.3193359375 0.90625 0.3408203125 0.9228515625 0.36328125 0.939453125 0.3642578125 0.951171875 0.3583984375 0.955078125 0.3525390625 0.955078125 0.3427734375 0.9306640625 0.3125
0 0.9033203125 0.189453125 0.900390625 0.1982421875 0.90625 0.2158203125 0.9208984375 0.232421875 0.92578125 0.2314453125 0.9375 0.2216796875 0.9375 0.2138671875 0.9150390625 0.19140625 0.9033203125 0.189453125