0 0.3176977296875 0.6044533999999999 0.32846208906249996 0.61066820625 0.340977571875 0.6083257046874999 0.3609358875 0.5760849734375 0.3556275203125 0.5498056203125 0.3496473203125 0.54635295 0.3412049375 0.549019484375 0.333504953125 0.5547801046874999 0.32365718125 0.568048875 0.3113149859375 0.587532146875 0.3176977296875 0.6044533999999999
0 0.29370434375 0.5300014562500001 0.304468703125 0.5362162625 0.3236549203125 0.536130390625 0.3500306609375 0.498732675 0.3562950453125 0.4768339015625 0.346455825 0.45520602656250003 0.330261403125 0.44909818437500004 0.3085048765625 0.46464910000000004 0.2813375953125 0.49894071249999994 0.28450608125 0.5183119578125 0.29370434375 0.5300014562500001
0 0.2614874140625 0.4173125296875 0.2621283703125 0.42725090468750004 0.27523523125 0.44598119374999995 0.2931758296875 0.45633920312500004 0.3038047390625 0.4545022078125 0.3305009578125 0.42207368125 0.3394778984375 0.4065251609375 0.3407235171875 0.3960812796875 0.3390715484375 0.3823697578125 0.33327637656250003 0.3758344734375 0.3057057515625 0.3699633015625 0.2671967140625 0.40466159687500003 0.2614874140625 0.4173125296875
0 0.2387018171875 0.34585885625 0.26316785781249996 0.364722928125 0.27289401406249997 0.3699738203125 0.2810569703125 0.36960638281249997 0.300021865625 0.34228249375 0.3071618109375 0.316105065625 0.3039933265625 0.2967338203125 0.2922179546875 0.2867458671875 0.27988749999999996 0.2860057546875 0.2591351875 0.29156632031249996 0.229860759375 0.3352868578125 0.2387018171875 0.34585885625
0 0.7309698499999999 0.43002372031249997 0.7242495390625 0.43890150468750005 0.7282341796875 0.5028088562499999 0.7386250265625 0.5189635921875 0.7562947265625 0.5132179984375 0.7660047234375 0.5050759593749999 0.772497484375 0.49067826875 0.774717821875 0.45368690312500004 0.7711792796875 0.44048088593749996 0.7653841078125 0.4339456015625 0.7546197484375 0.427730796875 0.7441758671875001 0.426485178125 0.7309698499999999 0.43002372031249997
0 0.8749868609375 0.5562294171875 0.878624559375 0.547166603125 0.8710419703125 0.5188679953124999 0.86385695 0.5073482281249999 0.8552907843750001 0.498494603125 0.840635465625 0.499718071875 0.8349261671875 0.5123690062499999 0.8443552734375 0.5385878374999999 0.8749868609375 0.5562294171875
0 0.8904934656249999 0.641430675 0.9030242953125001 0.6457739515625 0.90932613125 0.63081001875 0.9154176125 0.5939246015624999 0.9123845765624999 0.5826051578125 0.895276621875 0.580688115625 0.885916965625 0.5850541828125 0.8741961093749999 0.6129701546875 0.8714217515625 0.6259334937500001 0.8904934656249999 0.641430675
0 0.8847729421875 0.74367748125 0.90383699375 0.694084759375 0.8979063734375 0.679497675 0.880207715625 0.6770141171875 0.8656885078125001 0.685240221875 0.8492007734374999 0.7231048609374999 0.857963275 0.7350027984375 0.8735471499999999 0.7469311109375 0.8847729421875 0.74367748125
0 0.8783731093749999 0.757524453125 0.872257459375 0.7460199828125 0.8518553921875001 0.7515046328125 0.8333435390625 0.772568865625 0.8369768640625 0.7815054734375 0.8502958234375001 0.7923450609375 0.8751897109375 0.7669306828125 0.8783731093749999 0.757524453125
0 0.57268623125 0.3147178328125 0.5816631734375 0.2991693125 0.580065090625 0.28732420468750003 0.5475867125 0.2631993765625 0.5347467171875 0.2561348859375 0.5234272734375 0.259167921875 0.5190990421875 0.269426775 0.53138643125 0.2836442265625 0.545236625 0.2960370765625 0.57268623125 0.3147178328125
0 0.8150529750000001 0.35896514375 0.827568459375 0.3566226421875 0.8387524515625 0.3455378046875 0.8389870578125 0.331320775 0.8162250859375 0.3157142375 0.8053888375 0.3099464203125 0.792901884375 0.30957598124999997 0.784881078125 0.3255981921875 0.78841961875 0.338804209375 0.8150529750000001 0.35896514375
0 0.8779145749999999 0.321901190625 0.889048990625 0.32195076875 0.9021195578125001 0.310360425 0.9043761874999999 0.30368969218749997 0.9018486578125 0.2942568234375 0.8666579953125 0.27234476406249997 0.853451978125 0.2758833046875 0.8502702078125 0.2979671078125 0.8541788046875001 0.30500789687499996 0.8779145749999999 0.321901190625
0 0.8730578281250001 0.258497790625 0.889346459375 0.2551442765625 0.899149384375 0.2464515203125 0.901406015625 0.2397807859375 0.8988784843750001 0.23034791718749997 0.86746096875 0.207424846875 0.851862871875 0.20958232031250001 0.8437614921875 0.22085218437499998 0.8512086328124999 0.24109899218750003 0.8730578281250001 0.258497790625
0 0.8417660375 0.1303957953125 0.8505579515624999 0.11792989062499999 0.848535928125 0.11038359375 0.821027009375 0.0945013125 0.8092020609375 0.095647775 0.8086469765625001 0.10489561562500001 0.8188562515625 0.12035826406250001 0.83730235625 0.13260284687499999 0.8417660375 0.1303957953125