0 0.743344328125 0.3311130640625 0.81110066875 0.31939570625 0.8508390359375 0.3052270921875 0.8764832984375 0.290805696875 0.8878632375000001 0.2780772125 0.894148996875 0.264903046875 0.891437984375 0.23721766406250003 0.8807421015625 0.2274592609375 0.8552712140625 0.225230846875 0.8053444937500001 0.2385080953125 0.7149953531250001 0.28844084531249997 0.6757613640625 0.3261806140625 0.684250609375 0.331824790625 0.7046273203125 0.333607521875 0.743344328125 0.3311130640625
0 0.8447897421875 0.7997457171875 0.8439449124999999 0.780065946875 0.8327415046875 0.76144050625 0.7880886421875 0.7291053953125 0.7062476515625 0.6964576234375001 0.670758634375 0.69139215 0.6690595265625 0.6961449625 0.7293196187500001 0.7994463171875 0.7400155015625 0.809204721875 0.7794071125 0.8283357265625 0.8174432156250001 0.8336240390625 0.832388446875 0.8241483562499999 0.8447897421875 0.7997457171875
0 0.4546406625 0.46270161718749997 0.47807513906250004 0.4588701109375 0.5091540328125 0.44100301249999996 0.54804756875 0.4071546296875 0.5801509703125001 0.3629092578125 0.596971840625 0.31732683906250003 0.577279184375 0.29305722031250003 0.5550362921875001 0.2832688765625 0.52973563125 0.2790947703125 0.516659734375 0.28187194843749996 0.4932221078125 0.3004075703125 0.46179961093750005 0.3368701703125 0.4356352140625 0.40124099375 0.43240091875 0.43820915625 0.438850603125 0.45249752968749996 0.4546406625 0.46270161718749997
0 0.73825015 0.3306673828125 0.8007420875 0.3204500328125 0.8403102296875 0.3082271125 0.876653525 0.28886000312500004 0.8882036890625 0.2741858265625 0.8926232640625 0.25300604843749996 0.8827785140625 0.23351918125 0.8703835203124999 0.2285135875 0.84202509375 0.22995371874999998 0.7997396390625 0.243899490625 0.7148251265625001 0.2903865390625 0.6927461578125 0.30806073437500003 0.6808555421875 0.326626296875 0.7073446328124999 0.3318846703125 0.73825015 0.3306673828125
0 0.8439449124999999 0.780065946875 0.8327415046875 0.76144050625 0.7831646906249999 0.72671401875 0.7037005640625 0.69623478125 0.670758634375 0.69139215 0.6688893 0.6980906546875 0.7339031171875 0.8057290781249999 0.7843310640625 0.8307271015625 0.81999030625 0.8338468812500001 0.8381635281250001 0.8168112687500001 0.8447897421875 0.7997457171875 0.8439449124999999 0.780065946875
0 0.47281073593749995 0.4603701203125 0.5147588890625 0.43561161718749997 0.5538226515625 0.399817540625 0.57726343125 0.366577803125 0.592552265625 0.3385066171875 0.596971840625 0.31732683906250003 0.57965605 0.2952257546875 0.5550362921875001 0.2832688765625 0.5219241375 0.2803719390625 0.4988269625 0.295016175 0.461629384375 0.33881586406249997 0.43529476093749997 0.4051323796875 0.43257114531249996 0.4362634640625 0.44122746562500004 0.45466606406250004 0.44971670937499997 0.460310240625 0.47281073593749995 0.4603701203125
0 0.545768459375 0.7412350812499999 0.5771846546875 0.7341807140625 0.5975645140625 0.721259328125 0.603509821875 0.7119765484375 0.60266499375 0.692296778125 0.5678694859375 0.62063206875 0.542745353125 0.5851040375000001 0.5084510703125 0.5517145984375 0.49130235468750005 0.5423719375 0.46837855624999997 0.540366365625 0.453092871875 0.553733434375 0.45002880312500004 0.588755903125 0.4552869046875 0.6166641265624999 0.46920132499999995 0.66297495 0.500434690625 0.7166827421875 0.5204677984375 0.737060975 0.545768459375 0.7412350812499999
0 0.3413866296875 0.4224040953125 0.3779033046875 0.386387178125 0.4081405203125 0.33413619375 0.41221964531250005 0.3168478015625 0.4035633234375 0.2984452 0.3607766453125 0.2741157015625 0.3176463609375 0.26838170625 0.3096646453125 0.2716045671875 0.268050640625 0.32187991875 0.2484998546875 0.4280016546875 0.2524024484375 0.4420671875 0.26802228281249996 0.45421696718750004 0.29111630625 0.4542768453125 0.3413866296875 0.4224040953125
0 0.3251930953125 0.7101737234375001 0.3824206296875 0.701456384375 0.4000831765625 0.6902578515625 0.4053538828125 0.6593496078125 0.37344591562499996 0.5840163546875 0.3386441046875 0.5417598781249999 0.3085928703125 0.5185445875 0.28091534687499997 0.512201946875 0.265970115625 0.5216776296875001 0.2600248078125 0.530960409375 0.2566202875 0.569874265625 0.26204231093749997 0.6252450281249999 0.2739203234375 0.6654959328125 0.302439525 0.706222459375 0.3251930953125 0.7101737234375001
0 0.1178071359375 0.9390635921875001 0.140730934375 0.9410691640625 0.159241459375 0.9348462828124999 0.17452714375 0.9214792140625001 0.1801383015625 0.8866795859375 0.1696220984375 0.8308631406250001 0.139747390625 0.7762939234374999 0.12989948906249998 0.7715111718750001 0.11954090625 0.7725654984375 0.10374454687500001 0.7917696453125 0.09660765624999999 0.8146722765625001 0.09150087343749999 0.873043059375 0.09421188750000001 0.9007284406249999 0.104564165625 0.929082346875 0.1178071359375 0.9390635921875001
0 0.1516786015625 0 0.1392334953125 0.0047585218749999995 0.1276833328125 0.0194326984375 0.11340955156250002 0.065237959375 0.1116946875 0.14351135312500002 0.12018078125000001 0.1638596453125 0.1334237515625 0.17384089062500002 0.14361210625 0.17473225625 0.15838711249999998 0.1672022671875 0.17928080156249998 0.13373968593750002 0.1925332265625 0.0996085828125 0.200868 0.03367786875 0.194418315625 0.019389495312499998 0.174044759375 0.0029026484375 0.158313628125 0 0.1516786015625 0
0 0.2603116921875 0.7770390046875 0.28612618125 0.7606719156249999 0.28562180625 0.7371007625 0.25541610000000003 0.6423105812500001 0.23283905625 0.607005390625 0.2051646828125 0.5859586328125 0.18733506093750002 0.5843987421875 0.17476669375 0.596042959375 0.1683107078125 0.61116281875 0.166942596875 0.65613659375 0.1871301734375 0.7480897171875001 0.20631214999999997 0.7781964140625 0.22889549687500002 0.784093371875 0.2603116921875 0.7770390046875
0 0.28930999218750003 0.1668930203125 0.26638934375 0.15018333125 0.2514472640625 0.1449548984375 0.2285234671875 0.142949325 0.2164657765625 0.1487564640625 0.19948098281249999 0.16687634375 0.187420140625 0.1873875984375 0.18248988906250002 0.21440445625 0.1729761359375 0.23513855156250002 0.16854710781249999 0.3004306796875 0.175163865625 0.327477478125 0.1858597484375 0.33723588125 0.20114228125000003 0.3385729296875 0.232050946875 0.322651525 0.2723062921875 0.2732375984375 0.2908231203125 0.237606484375 0.3000027234375 0.191355540625 0.28930999218750003 0.1668930203125