0 0.2705078125 0.3042613640625 0.3115234375 0.34005681875 0.31640625 0.3311079546875 0.31640625 0.3106534078125 0.310546875 0.2723011375 0.29296875 0.2058238640625 0.275390625 0.167471590625 0.2587890625 0.14318181875 0.2451171875 0.1329545453125 0.2314453125 0.12784090937499998 0.2041015625 0.1329545453125 0.1953125 0.14446022812499998 0.1953125 0.170028409375 0.212890625 0.2186079546875 0.2705078125 0.3042613640625
0 0.787109375 0.2339488625 0.802734375 0.19303977187500002 0.8046875 0.1546875 0.7939453125 0.140625 0.7685546875 0.13039772656249998 0.7490234375 0.1329545453125 0.7314453125 0.1457386359375 0.703125 0.19303977187500002 0.677734375 0.2774147734375 0.67578125 0.313210228125 0.6806640625 0.3144886359375 0.7783203125 0.24545454531250002 0.787109375 0.2339488625
0 0.3408203125 0.5522727265625 0.4072265625 0.5727272734375 0.4443359375 0.5727272734375 0.4580078125 0.56505681875 0.466796875 0.5484375 0.4609375 0.5254261359375 0.4404296875 0.4960227265625 0.4033203125 0.46022727343750003 0.3564453125 0.4321022734375 0.3095703125 0.41931818125 0.287109375 0.44105113749999997 0.279296875 0.4640625 0.27734375 0.48963068125 0.28125 0.5024147734375 0.3017578125 0.5241477265625 0.3408203125 0.5522727265625
0 0.2724609375 0.3042613640625 0.2919921875 0.324715909375 0.3115234375 0.33494318125 0.314453125 0.30809659218749996 0.310546875 0.2774147734375 0.294921875 0.2160511375 0.279296875 0.1776988625 0.2568359375 0.14318181875 0.2412109375 0.1329545453125 0.2197265625 0.13039772656249998 0.201171875 0.1419034078125 0.197265625 0.1546875 0.201171875 0.1828125 0.21875 0.223721590625 0.2724609375 0.3042613640625
0 0.8046875 0.18792613593750002 0.8046875 0.15213068125 0.7861328125 0.1355113640625 0.7685546875 0.13039772656249998 0.7490234375 0.1329545453125 0.7314453125 0.1457386359375 0.701171875 0.1981534078125 0.677734375 0.279971590625 0.67578125 0.313210228125 0.6826171875 0.3144886359375 0.7841796875 0.24034090937500002 0.8046875 0.18792613593750002
0 0.4111328125 0.5727272734375 0.4423828125 0.5727272734375 0.4599609375 0.5625 0.46484375 0.5535511375 0.462890625 0.530539771875 0.4345703125 0.49090909062500004 0.3955078125 0.4551136359375 0.3603515625 0.434659090625 0.3310546875 0.421875 0.3095703125 0.41931818125 0.2890625 0.43849431718750004 0.279296875 0.4640625 0.279296875 0.49730113749999993 0.2958984375 0.519034090625 0.3427734375 0.5522727265625 0.4111328125 0.5727272734375
0 0.6201171875 0.534375 0.6650390625 0.5164772734375 0.7158203125 0.48068181875000004 0.734375 0.45894886250000005 0.736328125 0.43338068124999996 0.7265625 0.40269886250000003 0.7119140625 0.38352272656249997 0.7021484375 0.378409090625 0.6826171875 0.380965909375 0.6142578125 0.421875 0.5810546875 0.45 0.55078125 0.48707386406250003 0.54296875 0.5049715906250001 0.54296875 0.5279829546875 0.5576171875 0.5420454546875 0.5927734375 0.5420454546875 0.6201171875 0.534375
0 0.4501953125 0.75681818125 0.4638671875 0.7517045453125 0.474609375 0.7350852265625 0.47265625 0.7120738640625001 0.4365234375 0.6647727265625 0.3974609375 0.631534090625 0.3427734375 0.605965909375 0.3251953125 0.603409090625 0.3076171875 0.6136363640625 0.287109375 0.6583806812499999 0.28515625 0.7018465921875 0.2890625 0.7095170453125 0.3427734375 0.746590909375 0.4501953125 0.75681818125
0 0.5908203125 0.7363636359375 0.6455078125 0.7261363640625 0.6845703125 0.7107954546874999 0.72265625 0.6788352265625 0.724609375 0.6558238640625 0.7109375 0.5995738640625 0.6982421875 0.5829545453125 0.6669921875 0.5803977265625 0.5947265625 0.61875 0.5556640625 0.6571022734375 0.53515625 0.6890625 0.53125 0.7171875 0.5419921875 0.73125 0.5517578125 0.7363636359375 0.5908203125 0.7363636359375
0 0.8486328125 0.87443181875 0.9072265625 0.87443181875 0.9345703125 0.86931818125 0.9619140625 0.8565340906250001 0.970703125 0.842471590625 0.970703125 0.8194602281250001 0.962890625 0.8015625 0.9482421875 0.7875 0.9130859375 0.78494318125 0.8583984375 0.800284090625 0.806640625 0.8348011375000001 0.802734375 0.845028409375 0.8046875 0.8552556828125001 0.8251953125 0.86931818125 0.8486328125 0.87443181875
0 0.1005859375 0.9230113640625 0.1787109375 0.9178977265625001 0.1982421875 0.9076704546875 0.20703125 0.8936079546875 0.20703125 0.88338068125 0.1982421875 0.86931818125 0.1630859375 0.8514204546874999 0.1279296875 0.8411931812500001 0.0615234375 0.8386363640625 0.0478515625 0.8463068187499999 0.033203125 0.8680397718749999 0.03125 0.8884943171874999 0.0380859375 0.9025568187499999 0.0537109375 0.912784090625 0.1005859375 0.9230113640625
0 0.6845703125 0.81818181875 0.7744140625 0.79005681875 0.802734375 0.7683238640625001 0.806640625 0.7453125 0.796875 0.71463068125 0.7783203125 0.6903409093749999 0.7548828125 0.6928977265625 0.6630859375 0.73125 0.6298828125 0.75681818125 0.611328125 0.7862215906250001 0.611328125 0.80411931875 0.6240234375 0.815625 0.6396484375 0.8207386359375001 0.6845703125 0.81818181875
0 0.3466796875 0.7823863640625001 0.2939453125 0.746590909375 0.2568359375 0.73125 0.2099609375 0.7261363640625 0.1865234375 0.7389204546875 0.171875 0.763210228125 0.16796875 0.7785511374999999 0.16796875 0.8015625 0.1748046875 0.81306818125 0.1943359375 0.828409090625 0.2158203125 0.8386363640625 0.2431640625 0.8411931812500001 0.2646484375 0.8488636359375 0.330078125 0.8475852265625001 0.3564453125 0.8386363640625 0.365234375 0.8271306812500001 0.365234375 0.8117897718749999 0.3466796875 0.7823863640625001