0 0.2988896765625 0.2825284015625 0.2778564890625 0.21706219999999998 0.2582952515625 0.17968245625 0.2404452125 0.15629483125000002 0.2262568203125 0.1467971046875 0.21233605625 0.14240600625 0.18529740625 0.1489436953125 0.17712255 0.1608935953125 0.178460684375 0.1864267359375 0.1985571765625 0.23401973593749997 0.2605781546875 0.316540309375 0.30341095937499996 0.3501401171875 0.3078187328125 0.3409479703125 0.30674822343749997 0.32052145468750004 0.2988896765625 0.2825284015625
0 0.7488431546875 0.11684918749999999 0.729472484375 0.12042468906249999 0.7125875171875 0.13411122656250002 0.6867815671875 0.182829709375 0.6658415859375 0.2684179203125 0.6657645265625 0.3042665375 0.6707075546875 0.305287646875 0.7646170046874999 0.23123723125 0.7727918609375 0.2192873328125 0.7862544312499999 0.17761655781250002 0.7861976765625001 0.1392146265625 0.7747342359375 0.1257336015625 0.7488431546875 0.11684918749999999
0 0.4693774015625 0.5501088359375 0.462321734375 0.5274356640625 0.440303171875 0.499145846875 0.40137126562500003 0.46534160468749997 0.35308855625 0.43970839687499996 0.30560872968749997 0.42939507343749994 0.2843159890625 0.452273759375 0.27771851718749996 0.4756624609375 0.2771062046875 0.5012978203125 0.28167616875 0.5138599546875 0.303293290625 0.534489828125 0.34377420625 0.5605319093750001 0.41115995625 0.5774829890625 0.448218475 0.5755408359375 0.461470171875 0.5671653625 0.4693774015625 0.5501088359375
0 0.299157303125 0.2876350296875 0.2803421921875 0.2271732390625 0.262731403125 0.1896912734375 0.2384947640625 0.15639704999999998 0.22235592343750002 0.14700154062499998 0.2007671796875 0.14557263125 0.18284008125 0.158033621875 0.1796082515625 0.17100463125 0.184981096875 0.19888665 0.2046761484375 0.2388197078125 0.262528603125 0.31643809218749996 0.28310359375 0.33584241718749996 0.30314333125 0.34503348749999996 0.3046639625 0.3180703625 0.299157303125 0.2876350296875
0 0.729472484375 0.12042468906249999 0.7125875171875 0.13411122656250002 0.6850987453124999 0.18803855625000002 0.6659753984375001 0.2709712328125 0.6657645265625 0.3042665375 0.672658003125 0.305185428125 0.770200721875 0.225823946875 0.7879372515624999 0.1724077109375 0.7860638625 0.1366613125 0.766664815625 0.1210358484375 0.7488431546875 0.11684918749999999 0.729472484375 0.12042468906249999
0 0.46453981093749996 0.5324400734375 0.43418419999999996 0.49434587499999993 0.3933018453125 0.46064385 0.3571232671875 0.442057271875 0.327197475 0.4308239828125 0.30560872968749997 0.42939507343749994 0.2861326234375 0.44961822500000004 0.27771851718749996 0.4756624609375 0.27945809375 0.5088555453125 0.29717431875 0.52968985625 0.3457246546875 0.560429690625 0.41506085312499996 0.577278553125 0.4462680265625 0.5756430531250001 0.46328680625 0.5645098281250001 0.46769457968749995 0.5553176828125 0.46453981093749996 0.5324400734375
0 0.732517659375 0.421103521875 0.72115965625 0.39097484531250004 0.7055276921875 0.3725916296875 0.6955078234375 0.3679960953125 0.6761371546875 0.371571596875 0.6100124796874999 0.41600227500000003 0.5783268078125 0.4458264484375 0.5500351546875 0.48443389375 0.5431700562499999 0.5027159671875 0.544374378125 0.52569579375 0.5597387140625 0.5389723828124999 0.5948467843749999 0.5371324468750001 0.6217516203125 0.5280414421875 0.6656752359375 0.5078172140625 0.714513503125 0.46941313124999995 0.731905346875 0.44673888125000005 0.732517659375 0.421103521875
0 0.44523396875000004 0.6678690171875 0.40448542656250003 0.6367203078125 0.34853473749999997 0.6140492890625 0.330846890625 0.6124159421875001 0.313828109375 0.6235491671875 0.2956901390625 0.6693054609375 0.29601452031250003 0.712814021875 0.3003168578125 0.720269525 0.3558944828125 0.7544815671875 0.46370439374999994 0.7590727968750001 0.4770899046875 0.7532506375 0.4869475828125 0.7360918937500001 0.48379281250000006 0.7132142859374999 0.44523396875000004 0.6678690171875
0 0.732456746875 0.6438551671875 0.7158597109375 0.5883977859375 0.702312009375 0.5724656640625 0.670971021875 0.5715478484375 0.6008116375 0.6136296515625 0.563809875 0.6539737390625 0.5450028359375 0.6869634609374999 0.5425738890625 0.715254353125 0.554037328125 0.728735378125 0.564057196875 0.7333309125 0.6030661640625 0.731286540625 0.6571434625 0.7182111609375 0.695349546875 0.700846903125 0.7317106203125 0.6669372109375 0.732456746875 0.6438551671875
0 0.9879816203124999 0.817367546875 0.9867773 0.7943877203125 0.9780388109375 0.7769233953125 0.962674475 0.7636468078124999 0.9274325921875001 0.7629334296875 0.8736229203124999 0.7811154375 0.823742521875 0.8182939734374999 0.8203768796875 0.8287116671874999 0.8228625828125 0.83882270625 0.8440782640625001 0.8517926359375 0.8677512703125 0.855672640625 0.9262647203125001 0.85260608125 0.95330336875 0.846068390625 0.979940578125 0.831870759375 0.9879816203124999 0.817367546875
0 0.22749734843749997 0.8981880703125 0.21798435624999998 0.8846048265625001 0.1819395921875 0.8685715640625 0.14629626874999999 0.86019824375 0.0798472125 0.8611203656249999 0.0665955140625 0.8694958375 0.05310456718749999 0.891965646875 0.0522246265625 0.912494378125 0.059787170312500006 0.9261798421874999 0.0759260109375 0.93557535 0.12327202500000001 0.9433353578125001 0.2010223296875 0.9341399828125001 0.219991559375 0.922904540625 0.2280326015625 0.908401328125 0.22749734843749997 0.8981880703125
0 0.8077010453125 0.6987993 0.7879005578125 0.67551389375 0.7646289921875 0.67929383125 0.6749651234375 0.722397821875 0.6431456375 0.7496686796875001 0.626155234375 0.7800028703125 0.6270919296875 0.7978760703125001 0.640372003125 0.8087015609374999 0.6562432171875 0.812990440625 0.700969715625 0.8080860984375 0.7892183890625 0.7752975828124999 0.8163624734375 0.7521122421875 0.8190590484375001 0.728927978125 0.8077010453125 0.6987993
0 0.1994571765625 0.75499911875 0.1861000421875 0.7800222437500001 0.183002028125 0.795546565625 0.1842063484375 0.8185263921875 0.1916350796875 0.8296585390625 0.21194244375000001 0.8439562390625 0.233932628125 0.853045090625 0.26137271875 0.8541673421875 0.283229090625 0.8607028796874999 0.3485022015625 0.8560018968750001 0.3743649078125 0.845685346875 0.3825397640625 0.8337354484375 0.38173688281249996 0.8184155625 0.36166876875 0.790023528125 0.307133275 0.7570370343749999 0.269271875 0.7436593031250001 0.2221934890625 0.7410059234374999 0.1994571765625 0.75499911875